version https://git-lfs.github.com/spec/v1
oid sha256:0129d3ae9f8435e73a78faa328e9ae8c879f59f758b0d6577f98b58d418228a6
size 128364379
